[?25l[38;2;145;238;210m▄▄▄▄▄▄▄▄▄▄▄▄▄▄▄▄▄▄▄▄▄▄▄▄▄▄▄▄▄▄[0m
[48;2;145;238;210;38;2;145;238;210m▄[48;2;255;255;255;38;2;255;255;255m▄▄▄▄▄▄▄▄▄▄▄▄▄▄▄▄▄▄▄▄▄▄▄▄▄▄▄▄[48;2;145;238;210;38;2;145;238;210m▄[0m
[48;2;145;238;210;38;2;145;238;210m▄[48;2;255;255;255;38;2;255;255;255m▄▄▄▄▄[48;2;0;0;0;38;2;0;0;0m▄[38;2;121;72;62m▄▄▄▄▄▄▄▄[38;2;0;0;0m▄[48;2;255;255;255;38;2;255;255;255m▄▄▄▄▄▄▄▄▄▄▄▄▄[48;2;145;238;210;38;2;145;238;210m▄[0m
[48;2;145;238;210;38;2;145;238;210m▄[48;2;255;255;255;38;2;255;255;255m▄▄▄▄▄[48;2;0;0;0;38;2;0;0;0m▄[48;2;121;72;62;38;2;121;72;62m▄[38;2;255;255;255m▄▄[38;2;121;72;62m▄▄[38;2;255;255;255m▄▄[38;2;121;72;62m▄[48;2;0;0;0;38;2;0;0;0m▄[48;2;255;255;255;38;2;255;255;255m▄▄▄▄▄▄▄▄▄▄▄▄▄[48;2;145;238;210;38;2;145;238;210m▄[0m
[48;2;145;238;210;38;2;145;238;210m▄[48;2;255;255;255;38;2;255;255;255m▄▄▄▄▄[48;2;0;0;0;38;2;0;0;0m▄[48;2;121;72;62;38;2;121;72;62m▄[48;2;0;0;0m▄[48;2;255;255;255m▄[48;2;121;72;62;38;2;255;174;201m▄▄[48;2;255;255;255;38;2;121;72;62m▄[48;2;0;0;0m▄[48;2;121;72;62m▄[48;2;0;0;0;38;2;0;0;0m▄[38;2;121;72;62m▄▄▄[38;2;185;122;87m▄▄[38;2;121;72;62m▄[38;2;0;0;0m▄[48;2;255;255;255;38;2;255;255;255m▄▄[38;2;0;0;0m▄[48;2;0;0;0;38;2;255;255;255m▄▄[48;2;255;255;255m▄[48;2;145;238;210;38;2;145;238;210m▄[0m
[48;2;145;238;210;38;2;145;238;210m▄[48;2;255;255;255;38;2;255;255;255m▄▄▄▄▄[48;2;0;0;0;38;2;0;0;0m▄[48;2;121;72;62;38;2;121;72;62m▄▄▄[38;2;0;0;0m▄▄▄[38;2;121;72;62m▄▄[48;2;0;0;0;38;2;0;0;0m▄[48;2;121;72;62;38;2;121;72;62m▄▄[48;2;185;122;87m▄[38;2;185;122;87m▄[48;2;121;72;62;38;2;121;72;62m▄▄[48;2;0;0;0;38;2;0;0;0m▄[38;2;255;255;255m▄▄[48;2;255;255;255m▄▄▄▄[48;2;145;238;210;38;2;145;238;210m▄[0m
[48;2;145;238;210;38;2;145;238;210m▄[48;2;255;255;255;38;2;255;255;255m▄▄▄▄▄[48;2;0;0;0;38;2;0;0;0m▄[48;2;121;72;62m▄▄[48;2;0;0;0m▄[48;2;121;72;62m▄▄▄[48;2;0;0;0m▄[48;2;121;72;62m▄[48;2;0;0;0m▄[48;2;121;72;62;38;2;121;72;62m▄▄▄▄▄▄[48;2;0;0;0;38;2;0;0;0m▄[48;2;255;255;255;38;2;255;255;255m▄▄▄▄▄▄[48;2;145;238;210;38;2;145;238;210m▄[0m
[48;2;145;238;210;38;2;145;238;210m▄[48;2;255;255;255;38;2;255;255;255m▄▄▄▄▄▄▄[48;2;0;0;0;38;2;0;0;0m▄[48;2;121;72;62;38;2;121;72;62m▄[38;2;185;122;87m▄▄▄▄[38;2;121;72;62m▄▄▄▄[38;2;185;122;87m▄[48;2;185;122;87m▄[48;2;121;72;62m▄[38;2;121;72;62m▄[48;2;0;0;0;38;2;0;0;0m▄[48;2;255;255;255;38;2;255;255;255m▄▄▄▄▄▄[48;2;145;238;210;38;2;145;238;210m▄[0m
[48;2;145;238;210;38;2;145;238;210m▄[48;2;255;255;255;38;2;255;255;255m▄▄▄▄▄▄▄[48;2;0;0;0;38;2;0;0;0m▄[48;2;121;72;62;38;2;121;72;62m▄[48;2;185;122;87;38;2;185;122;87m▄[38;2;121;72;62m▄[38;2;185;122;87m▄[48;2;121;72;62;38;2;121;72;62m▄▄▄▄▄▄▄▄▄[48;2;0;0;0;38;2;0;0;0m▄[48;2;255;255;255;38;2;255;255;255m▄▄▄▄▄▄[48;2;145;238;210;38;2;145;238;210m▄[0m
[48;2;145;238;210;38;2;145;238;210m▄[48;2;255;255;255;38;2;255;255;255m▄▄▄▄▄▄▄[48;2;0;0;0;38;2;0;0;0m▄[48;2;121;72;62;38;2;121;72;62m▄[48;2;0;0;0;38;2;0;0;0m▄[38;2;255;255;255m▄[38;2;0;0;0m▄[48;2;121;72;62;38;2;121;72;62m▄[48;2;0;0;0;38;2;0;0;0m▄[38;2;255;255;255m▄[38;2;0;0;0m▄[48;2;121;72;62;38;2;121;72;62m▄[48;2;0;0;0;38;2;0;0;0m▄[38;2;255;255;255m▄[38;2;0;0;0m▄[48;2;121;72;62;38;2;121;72;62m▄[48;2;0;0;0;38;2;0;0;0m▄[48;2;255;255;255;38;2;255;255;255m▄▄▄▄▄▄[48;2;145;238;210;38;2;145;238;210m▄[0m
[48;2;145;238;210;38;2;145;238;210m▄[48;2;255;255;255;38;2;255;255;255m▄▄▄▄▄▄▄[48;2;0;0;0;38;2;0;0;0m▄[48;2;121;72;62;38;2;121;72;62m▄[48;2;0;0;0;38;2;0;0;0m▄[48;2;255;255;255;38;2;255;255;255m▄[48;2;0;0;0;38;2;0;0;0m▄[48;2;121;72;62;38;2;121;72;62m▄[48;2;0;0;0;38;2;0;0;0m▄[48;2;255;255;255;38;2;255;255;255m▄[48;2;0;0;0;38;2;0;0;0m▄[48;2;121;72;62;38;2;121;72;62m▄[48;2;0;0;0;38;2;0;0;0m▄[48;2;255;255;255;38;2;255;255;255m▄[48;2;0;0;0;38;2;0;0;0m▄[48;2;185;122;87;38;2;121;72;62m▄[48;2;0;0;0;38;2;0;0;0m▄[48;2;255;255;255;38;2;255;255;255m▄▄▄▄▄▄[48;2;145;238;210;38;2;145;238;210m▄[0m
[48;2;145;238;210;38;2;145;238;210m▄[48;2;255;255;255;38;2;255;255;255m▄▄▄▄▄▄▄[48;2;0;0;0;38;2;0;0;0m▄[48;2;121;72;62m▄[48;2;0;0;0m▄[48;2;255;255;255;38;2;255;255;255m▄[48;2;0;0;0;38;2;0;0;0m▄[48;2;121;72;62m▄[48;2;0;0;0m▄[48;2;255;255;255;38;2;255;255;255m▄[48;2;0;0;0;38;2;0;0;0m▄[48;2;121;72;62m▄[48;2;0;0;0m▄[48;2;255;255;255;38;2;255;255;255m▄[48;2;0;0;0;38;2;0;0;0m▄[48;2;121;72;62m▄[48;2;0;0;0m▄[48;2;255;255;255;38;2;255;255;255m▄▄▄▄▄▄[48;2;145;238;210;38;2;145;238;210m▄[0m
[48;2;145;238;210;38;2;145;238;210m▄[48;2;255;255;255;38;2;255;255;255m▄▄▄▄▄▄▄[48;2;0;0;0m▄▄▄[48;2;255;255;255m▄[48;2;0;0;0m▄▄▄[48;2;255;255;255m▄[48;2;0;0;0m▄▄▄[48;2;255;255;255m▄[48;2;0;0;0m▄▄▄[48;2;255;255;255m▄▄▄▄▄▄[48;2;145;238;210;38;2;145;238;210m▄[0m
[48;2;145;238;210;38;2;145;238;210m▄[48;2;255;255;255;38;2;255;255;255m▄[48;2;0;0;0;38;2;0;0;0m▄[48;2;255;255;255;38;2;255;255;255m▄[48;2;0;0;0;38;2;0;0;0m▄[48;2;255;255;255;38;2;255;255;255m▄▄▄▄▄▄▄▄▄▄▄▄▄▄▄▄▄▄▄[48;2;0;0;0;38;2;0;0;0m▄[48;2;255;255;255;38;2;255;255;255m▄[48;2;0;0;0;38;2;0;0;0m▄[48;2;255;255;255;38;2;255;255;255m▄▄[48;2;145;238;210;38;2;145;238;210m▄[0m
[48;2;145;238;210;38;2;145;238;210m▄[48;2;255;255;255;38;2;255;255;255m▄▄▄▄▄[48;2;0;0;0;38;2;0;0;0m▄[48;2;255;255;255;38;2;255;255;255m▄[48;2;0;0;0;38;2;0;0;0m▄[48;2;255;255;255;38;2;255;255;255m▄[48;2;0;0;0;38;2;0;0;0m▄[48;2;255;255;255;38;2;255;255;255m▄[48;2;0;0;0;38;2;0;0;0m▄[38;2;255;255;255m▄[38;2;0;0;0m▄[48;2;255;255;255;38;2;255;255;255m▄[48;2;0;0;0;38;2;0;0;0m▄[38;2;255;255;255m▄[38;2;0;0;0m▄[48;2;255;255;255;38;2;255;255;255m▄[48;2;0;0;0;38;2;0;0;0m▄[38;2;255;255;255m▄[48;2;255;255;255m▄▄▄▄▄▄▄[48;2;145;238;210;38;2;145;238;210m▄[0m
[48;2;145;238;210;38;2;145;238;210m▄[48;2;255;255;255;38;2;255;255;255m▄▄▄▄▄[48;2;0;0;0m▄[48;2;255;255;255;38;2;0;0;0m▄[48;2;0;0;0;38;2;255;255;255m▄[48;2;255;255;255;38;2;0;0;0m▄[48;2;0;0;0;38;2;255;255;255m▄[48;2;255;255;255m▄[48;2;0;0;0;38;2;0;0;0m▄[48;2;255;255;255m▄[48;2;0;0;0m▄[48;2;255;255;255;38;2;255;255;255m▄[48;2;0;0;0;38;2;0;0;0m▄[48;2;255;255;255m▄[48;2;0;0;0m▄[48;2;255;255;255;38;2;255;255;255m▄[48;2;0;0;0;38;2;0;0;0m▄[38;2;255;255;255m▄[48;2;255;255;255m▄▄▄▄▄▄▄[48;2;145;238;210;38;2;145;238;210m▄[0m
[48;2;145;238;210;38;2;145;238;210m▄[48;2;255;255;255;38;2;255;255;255m▄▄▄▄▄▄▄▄▄▄▄▄▄▄▄▄▄▄▄▄▄▄▄▄▄▄▄▄[48;2;145;238;210;38;2;145;238;210m▄[0m
[48;2;145;238;210;38;2;145;238;210m▄[48;2;255;255;255m▄▄▄▄▄▄▄▄▄▄▄▄▄▄▄▄▄▄▄▄▄▄▄▄▄▄▄▄[48;2;145;238;210m▄[0m
[?25h